name0,3,3,2,1,0
name1,2,4,4,0,4
name2,2,1,3,4,3
name3,3,3,1,1,0
name4,0,3,1,2,3
name5,2,1,2,4,3
name6,0,4,0,3,2
name7,4,3,4,4,3
name8,1,1,1,2,1
name9,2,3,2,3,0
name10,2,4,3,3,1
name11,2,2,0,3,1
name12,2,2,4,0,3
name13,2,2,3,1,2
name14,0,0,0,0,2
name15,0,4,4,0,2
name16,4,2,2,1,3
name17,0,2,2,3,4
name18,3,1,4,1,2
name19,2,2,4,2,4
name20,4,1,4,3,0
name21,4,0,3,2,3
name22,0,4,1,2,4
name23,1,1,3,2,2
name24,3,2,3,1,0
name25,1,0,2,1,0
name26,4,4,0,0,4
name27,2,1,4,3,1
name28,0,4,2,2,1
name29,1,4,2,1,2
name30,3,1,0,2,2
name31,2,1,0,3,0
name32,1,0,1,3,0
name33,3,3,1,4,3
name34,0,0,2,3,2
name35,3,0,4,1,4
name36,3,1,0,2,1
name37,3,1,2,0,3
name38,4,1,3,2,0
name39,3,1,4,3,0